1	11	126	372	87	76	0.81	2.90839e+10
2	11	252	746	181	191	2.12	2.88579e+10
3	11	390	1218	303	351	5.32	2.85974e+10
4	11	541	1790	421	649	12.87	2.83419e+10
5	11	686	2325	553	820	19.54	2.80541e+10
6	11	835	2827	696	1513	41.97	2.7761e+10
7	11	971	3241	804	2267	79.31	2.75104e+10
8	11	1104	3629	908	2454	96.61	2.72396e+10
9	11	1253	4205	1048	3442	147.93	2.69746e+10
10	11	1399	4792	1169	4147	207.64	2.67271e+10
11	11	1541	5342	1295	5358	324.78	2.64183e+10
12	11	1692	5965	1430	5704	373.35	2.61035e+10
13	11	1837	6571	1556	4780	315.61	2.58259e+10
14	11	1981	7151	1684	6541	524.05	2.55292e+10
15	11	2125	7756	1812	9565	885.88	2.51779e+10
18	11	2558	9589	2184	18145	2132.57	2.43324e+10
20	11	2857	10858	2447	25241	3766.72	2.38217e+10
21	11	2996	11401	2553	37273	5823.8	2.35762e+10
24	11	3419	13065	2893	61781	11936.5	2.28567e+10
27	11	3823	14611	3201	118560	28790.4	2.21334e+10
30	11	4223	16148	3491	185962	51011.5	2.13854e+10
33	11	4643	17840	3829	169436	54351.3	2.059e+10
36	11	5081	19673	4193	
40	11	5652	22059	4672	
