1	11	126	372	87	3.8	31	432	2.9084e+10
2	11	252	746	181	13.38	41	722	2.88579e+10
3	11	390	1218	303	32.22	46	1166	2.85975e+10
4	11	541	1790	421	73.98	54	1950	2.8342e+10
5	11	686	2325	553	120.34	55	2428	2.80542e+10
6	11	835	2827	696	296.3	63	5513	2.77611e+10
7	11	971	3241	804	536.86	61	8874	2.75105e+10
8	11	1104	3629	908	429.26	65	5499	2.72397e+10
9	11	1253	4205	1048	667.9	72	6913	2.69747e+10
10	11	1399	4792	1169	823.81	75	6864	2.67272e+10
11	11	1541	5342	1295	1167.99	74	8665	2.64184e+10
12	11	1692	5965	1430	1625.69	80	10203	2.61036e+10
13	11	1837	6571	1556	2060.11	80	11540	2.5826e+10
14	11	1981	7151	1684	2172.29	76	10569	2.55293e+10
15	11	2125	7756	1812	3054.57	82	13408	2.5178e+10
18	11	2558	9589	2184	5182.26	84	16745	2.43325e+10
20	11	2857	10858	2447	8910.87	94	24586	2.38218e+10
21	11	2996	11401	2553	8237.08	93	20500	2.35762e+10
24	11	3419	13065	2893	9151.14	96	18174	2.28568e+10
27	11	3823	14611	3201	11687.2	98	19710	2.21335e+10
30	11	4223	16148	3491	13935.1	95	19684	2.13855e+10
33	11	4643	17840	3829	12537.9	91	15058	2.059e+10
36	11	5081	19673	4193	17519.3	97	18128	1.98578e+10
40	11	5652	22059	4672	20384.2	95	16824	1.88552e+10
