1	11	126	372	87	25	7.38	2.90839e+10
2	11	252	746	181	31	23.57	2.88579e+10
3	11	390	1218	303	36	93.91	2.85974e+10
4	11	541	1790	421	39	316.32	2.83419e+10
5	11	686	2325	553	42	799.49	2.80541e+10
6	11	835	2827	696	43	1118.41	2.77611e+10
7	11	971	3241	804	44	1860.8	2.75104e+10
8	11	1104	3629	908	45	2171.42	2.72397e+10
9	11	1253	4205	1048	45	3523.9	2.69746e+10
10	11	1399	4792	1169	47	5437.82	2.67271e+10
11	11	1541	5342	1295	50	7820.92	2.64183e+10
12	11	1692	5965	1430	54	11785.1	2.61035e+10
13	11	1837	6571	1556	53	15922.9	2.58259e+10
14	11	1981	7151	1684	53	19033.1	2.55292e+10
15	11	2125	7756	1812	
18	11	2558	9589	2184	
20	11	2857	10858	2447	
21	11	2996	11401	2553	
24	11	3419	13065	2893	
27	11	3823	14611	3201	
30	11	4223	16148	3491	
33	11	4643	17840	3829	
36	11	5081	19673	4193	
40	11	5652	22059	4672	
