11	126	372	87	37	38	0.7	0.59	2.90839e+10
11	252	746	181	97	98	5.66	3.95	2.88579e+10
11	390	1218	303	111	112	13.1	9.78	2.85973e+10
11	541	1790	421	254	255	50.18	30.74	2.83419e+10
11	686	2325	553	346	347	127.03	69.48	2.8054e+10
11	835	2827	696	334	335	129.92	100.6	2.77607e+10
11	971	3241	804	438	439	241.13	168.91	2.75102e+10
11	1104	3629	908	457	458	287.03	207.98	2.72396e+10
11	1253	4205	1048	531	532	424.59	298.9	2.69746e+10
11	1399	4792	1169	767	768	928.14	533.87	2.67271e+10
11	1541	5342	1295	704	705	813.08	578.83	2.64181e+10
11	1692	5965	1430	626	627	828.58	644.22	2.61032e+10
11	1837	6571	1556	645	646	1033.72	807.5	2.58256e+10
11	1981	7151	1684	1057	1058	2198.49	1445.5	2.55291e+10
11	2125	7756	1812	746	747	1666.63	1360.17	2.51776e+10
11	2558	9589	2184	669	670	2237.47	1970.53	2.43321e+10
11	2857	10858	2447	934	935	3571.58	2871.94	2.38214e+10
11	2996	11401	2553	708	709	3541.34	3192.2	2.35757e+10
11	3419	13065	2893	1093	1094	5796.18	5250.55	2.28565e+10
11	3823	14611	3201	1515	1516	8761.89	7446.09	2.21331e+10
11	4223	16148	3491	1451	1452	10343.2	9057.1	2.13851e+10
11	4643	17840	3829	1713	1714	15459.3	13536.5	2.05899e+10
11	5081	19673	4193	1549	1550	17689.2	14837.9	1.98567e+10
11	5652	22059	4672	1703	1704	22888.5	19309.8	1.88543e+10
