1	11	126	372	87	1.12	2.90839e+10
2	11	252	746	181	5.6	2.88579e+10
3	11	390	1218	303	15.88	2.85974e+10
4	11	541	1790	421	33.74	2.83419e+10
5	11	686	2325	553	60.16	2.80541e+10
6	11	835	2827	696	112.3	2.7761e+10
7	11	971	3241	804	171.64	2.75104e+10
8	11	1104	3629	908	221.46	2.72396e+10
9	11	1253	4205	1048	272.28	2.69746e+10
10	11	1399	4792	1169	467.49	2.67271e+10
11	11	1541	5342	1295	499.58	2.64183e+10
12	11	1692	5965	1430	560.25	2.61035e+10
13	11	1837	6571	1556	945.13	2.58259e+10
14	11	1981	7151	1684	1325.29	2.55292e+10
15	11	2125	7756	1812	1431.12	2.51779e+10
18	11	2558	9589	2184	3093.51	2.43324e+10
20	11	2857	10858	2447	5213.73	2.38217e+10
21	11	2996	11401	2553	7475.3	2.35762e+10
24	11	3419	13065	2893	10817.8	2.28567e+10
27	11	3823	14611	3201	14670.2	2.21334e+10
30	11	4223	16148	3491	18995	2.13854e+10
33	11	4643	17840	3829	28869.6	2.059e+10
36	11	5081	19673	4193	34453.8	1.98577e+10
40	11	5652	22059	4672	(out of mem)
