 Patient Distribution System,  2 days.
0                                 C A S U A L T Y   D A T A   S U M M A R Y

                MIN     OPG     SGS     SOR     SNS     SMF     SUR     SOR     SBN     STH     SCI
0LENGTH
 OF STAY         16      29      24      50      36      40      12      27      33      54      38
0LITTER
 AMBULATORY
 INDICATOR        0       0       0       1       1       0       1       0       1       1       1
030-DAY
 CATEGORY
 PROPORTIONS
   PERIOD
    1-30       .117    .032    .171    .368    .124    .038    .013    .019    .030    .081    .007
   31-60       .104    .042    .172    .368    .125    .039    .013    .019    .030    .081    .007
   61-90       .079    .028    .179    .386    .130    .041    .013    .020    .032    .085    .007
0TOTAL
 CASUALTIES   24450   13350   52890   93660   31530    9870    3690    5550    9810   20010    1680

0RUN NAME: RUN 1                                                                           
1

                                  M A S T E R   B A S E   T A B L E   D A T A

     MASTER                                                                    IAP             ASF
      BASE       I N D I C A T O R S             I N D I C E S              CAPACITIES       STAGING
     RECORD                    C-9                          C-9         STAGING  TRANSIENT   CAPACITY   LATITUDE   LONGITUDE
     NUMBER   IAP  APOD  ASF  BASE  DOS    IAP  APOD  ASF  BASE  DOS                                    DEG   MIN    DEG   MIN

        1      0     0    0     0    0       0    0     0    0     0        0         0          0        0    0      0    0
        2      0     0    0     0    0       0    0     0    0     0        0         0          0        0    0      0    0
        3      0     0    0     0    0       0    0     0    0     0        0         0          0        0    0      0    0
        4      0     0    0     0    0       0    0     0    0     0        0         0          0        0    0      0    0
        5      1     0    0     0    0       1    0     0    0     0       50       200          0        0    0      0    0
        6      0     0    0     0    0       0    0     0    0     0        0         0          0        0    0      0    0
        7      0     0    0     0    0       0    0     0    0     0        0         0          0        0    0      0    0
        8      0     0    0     0    0       0    0     0    0     0        0         0          0        0    0      0    0
        9      0     0    0     0    0       0    0     0    0     0        0         0          0        0    0      0    0
       10      0     0    0     0    0       0    0     0    0     0        0         0          0        0    0      0    0
       11      0     0    0     0    0       0    0     0    0     0        0         0          0        0    0      0    0
       12      0     0    0     0    0       0    0     0    0     0        0         0          0        0    0      0    0
       13      0     0    0     0    0       0    0     0    0     0        0         0          0        0    0      0    0
       14      0     0    0     0    0       0    0     0    0     0        0         0          0        0    0      0    0
       15      0     0    0     0    0       0    0     0    0     0        0         0          0        0    0      0    0
       16      0     0    0     0    0       0    0     0    0     0        0         0          0        0    0      0    0
       17      1     0    0     0    0       2    0     0    0     0       50       200          0        0    0      0    0
       18      0     0    0     0    0       0    0     0    0     0        0         0          0        0    0      0    0
       19      0     0    0     0    0       0    0     0    0     0        0         0          0        0    0      0    0
       20      0     0    0     0    0       0    0     0    0     0        0         0          0        0    0      0    0
       21      0     0    0     0    0       0    0     0    0     0        0         0          0        0    0      0    0
       22      0     0    0     0    0       0    0     0    0     0        0         0          0        0    0      0    0
       23      0     0    0     0    0       0    0     0    0     0        0         0          0        0    0      0    0
       24      0     0    0     0    0       0    0     0    0     0        0         0          0        0    0      0    0
       25      0     0    0     0    0       0    0     0    0     0        0         0          0        0    0      0    0
       26      1     0    0     0    0       3    0     0    0     0      500      2000          0        0    0      0    0
       27      0     0    0     0    0       0    0     0    0     0        0         0          0        0    0      0    0
       28      0     0    0     0    0       0    0     0    0     0        0         0          0        0    0      0    0
       29      0     0    0     0    0       0    0     0    0     0        0         0          0        0    0      0    0
       30      0     0    0     0    0       0    0     0    0     0        0         0          0        0    0      0    0
       31      1     0    0     0    0       4    0     0    0     0       50       200          0        0    0      0    0
       32      0     0    0     0    0       0    0     0    0     0        0         0          0        0    0      0    0
       33      0     0    0     0    0       0    0     0    0     0        0         0          0        0    0      0    0
       34      1     0    0     0    0       5    0     0    0     0      900      3600          0        0    0      0    0
       35      0     0    0     0    0       0    0     0    0     0        0         0          0        0    0      0    0
       36      0     0    0     0    0       0    0     0    0     0        0         0          0        0    0      0    0
       37      0     0    0     0    0       0    0     0    0     0        0         0          0        0    0      0    0
       38      1     0    0     0    0       6    0     0    0     0      350      1400          0        0    0      0    0
       39      0     0    0     0    0       0    0     0    0     0        0         0          0        0    0      0    0
       40      1     0    0     0    0       7    0     0    0     0      500      2000          0        0    0      0    0
       41      0     0    0     0    0       0    0     0    0     0        0         0          0        0    0      0    0
       42      0     0    0     0    0       0    0     0    0     0        0         0          0        0    0      0    0
       43      0     0    0     0    0       0    0     0    0     0        0         0          0        0    0      0    0
       44      0     0    0     0    0       0    0     0    0     0        0         0          0        0    0      0    0
       45      0     0    0     0    0       0    0     0    0     0        0         0          0        0    0      0    0
       46      1     0    0     0    0       8    0     0    0     0       50       200          0        0    0      0    0
       47      0     0    0     0    0       0    0     0    0     0        0         0          0        0    0      0    0
       48      0     0    0     0    0       0    0     0    0     0        0         0          0        0    0      0    0
       49      0     0    0     0    0       0    0     0    0     0        0         0          0        0    0      0    0
       50      0     0    0     0    0       0    0     0    0     0        0         0          0        0    0      0    0
       51      0     0    0     0    0       0    0     0    0     0        0         0          0        0    0      0    0
       52      0     0    0     0    0       0    0     0    0     0        0         0          0        0    0      0    0
       53      0     0    0     0    0       0    0     0    0     0        0         0          0        0    0      0    0
       54      0     0    0     0    0       0    0     0    0     0        0         0          0        0    0      0    0
       55      0     0    0     0    0       0    0     0    0     0        0         0          0        0    0      0    0
       56      0     0    0     0    0       0    0     0    0     0        0         0          0        0    0      0    0
       57      0     0    0     0    0       0    0     0    0     0        0         0          0        0    0      0    0
       58      0     0    0     0    0       0    0     0    0     0        0         0          0        0    0      0    0
       59      0     0    0     0    0       0    0     0    0     0        0         0          0        0    0      0    0
       60      0     0    0     0    0       0    0     0    0     0        0         0          0        0    0      0    0
       61      0     0    0     0    0       0    0     0    0     0        0         0          0        0    0      0    0
       62      0     0    0     0    0       0    0     0    0     0        0         0          0        0    0      0    0
       63      0     0    0     0    0       0    0     0    0     0        0         0          0        0    0      0    0
       64      0     0    0     0    0       0    0     0    0     0        0         0          0        0    0      0    0
       65      0     0    0     0    0       0    0     0    0     0        0         0          0        0    0      0    0
       66      1     0    0     0    0       9    0     0    0     0       50       200          0        0    0      0    0
       67      0     0    0     0    0       0    0     0    0     0        0         0          0        0    0      0    0
       68      0     0    0     0    0       0    0     0    0     0        0         0          0        0    0      0    0
       69      0     0    0     0    0       0    0     0    0     0        0         0          0        0    0      0    0
       70      0     0    0     0    0       0    0     0    0     0        0         0          0        0    0      0    0
       71      0     0    0     0    0       0    0     0    0     0        0         0          0        0    0      0    0
       72      0     0    0     0    0       0    0     0    0     0        0         0          0        0    0      0    0
       73      0     0    0     0    0       0    0     0    0     0        0         0          0        0    0      0    0
       74      0     0    0     0    0       0    0     0    0     0        0         0          0        0    0      0    0
       75      0     0    0     0    0       0    0     0    0     0        0         0          0        0    0      0    0
       76      0     0    0     0    0       0    0     0    0     0        0         0          0        0    0      0    0
       77      0     0    0     1    1       0    0     0    1     1        0         0          0       35    3    106   36
       78      0     0    1     1    1       0    0     1    2     2        0         0        250       38   49     76   52
       79      0     0    0     0    1       0    0     0    0     3        0         0          0       31   20     92   33
       80      0     0    0     0    1       0    0     0    0     4        0         0          0       39    8    121   26
       81      0     0    0     1    1       0    0     0    3     5        0         0          0       32   30     93   40
       82      0     0    0     0    1       0    0     0    0     6        0         0          0       42   10     72   43
       83      0     0    0     1    1       0    0     0    4     7        0         0          0       41   56     72   41
       84      0     0    0     0    1       0    0     0    0     8        0         0          0       44   48     68   50
       85      0     0    0     1    1       0    0     0    5     9        0         0          0       33   34     86   45
       86      0     0    0     1    1       0    0     0    6    10        0         0          0       31   51    106   23
       87      0     0    1     1    1       0    0     2    7    11        0         0        250       30   25     88   55
       88      0     0    0     1    1       0    0     0    8    12        0         0          0       39   43    104   45
       89      0     0    0     0    1       0    0     0    0    13        0         0          0       43   34    116   14
       90      0     0    0     0    1       0    0     0    0    14        0         0          0       42   22     71    0
       91      0     0    0     0    1       0    0     0    0    15        0         0          0       30   12     97   41
       92      0     0    0     0    1       0    0     0    0    16        0         0          0       44   28     73    9
       93      0     0    0     0    1       0    0     0    0    17        0         0          0       39   11     76   40
       94      0     0    0     0    1       0    0     0    0    18        0         0          0       42   12     72   32
       95      0     1    1     0    1       0    1     3    0    19        0         0        250       32   54     80    2
       96      0     0    0     0    1       0    0     0    0    20        0         0          0       28   14     80   36
       97      0     0    0     0    1       0    0     0    0    21        0         0          0       38   49    104   43
       98      0     0    0     0    1       0    0     0    0    22        0         0          0       34   23    103   19
       99      0     0    0     0    1       0    0     0    0    23        0         0          0       32   54     97    2
      100      0     0    0     0    1       0    0     0    0    24        0         0          0       46   50     92   11
      101      0     0    0     1    1       0    0     0    9    25        0         0          0       32   10    110   53
      102      0     0    1     0    1       0    0     4    0    26        0         0        250       39    8     75   28
      103      0     0    0     1    1       0    0     0   10    27        0         0          0       41   32     93   40
      104      0     0    0     0    1       0    0     0    0    28        0         0          0       42   13     83   21
      105      0     0    0     0    1       0    0     0    0    29        0         0          0       32   26     99   51
      106      0     0    0     0    1       0    0     0    0    30        0         0          0       30   29     86   32
      107      0     0    0     1    1       0    0     0   11    31        0         0          0       39   50     84    3
      108      0     0    0     1    1       0    0     0   12    32        0         0          0       38   57     95   40
      109      0     0    0     0    1       0    0     0    0    33        0         0          0       43   35     96   44
      110      0     0    0     0    1       0    0     0    0    34        0         0          0       35   20     94   22
      111      0     0    0     0    1       0    0     0    0    35        0         0          0       40   59     85   11
      112      0     0    0     1    1       0    0     0   13    36        0         0          0       32   47     97   26
      113      0     0    0     0    1       0    0     0    0    37        0         0          0       31    4     97   50
      114      0     0    0     0    1       0    0     0    0    38        0         0          0       35   20     77   58
      115      0     0    0     0    1       0    0     0    0    39        0         0          0       40   39     86    9
      116      0     0    0     1    1       0    0     0   14    40        0         0          0       41    7    111   58
      117      0     0    0     0    1       0    0     0    0    41        0         0          0       32   51    106    6
      118      0     0    0     0    1       0    0     0    0    42        0         0          0       36   40     87   30
      119      0     0    0     1    1       0    0     0   15    43        0         0          0       25   29     80   23
      120      0     0    0     0    1       0    0     0    0    44        0         0          0       39   27     87   18
      121      0     0    0     1    1       0    0     0   16    45        0         0          0       37   37     97   16
      122      0     0    0     0    1       0    0     0    0    46        0         0          0       38   57     77   27
      123      0     0    0     1    1       0    0     0   17    47        0         0          0       39   44     86   17
      124      0     0    0     1    1       0    0     0   18    48        0         0          0       40   38     73   47
      125      0     0    0     0    1       0    0     0    0    49        0         0          0       33   57    118   24
      126      0     0    0     0    1       0    0     0    0    50        0         0          0       39   49     82   56
      127      0     0    0     0    1       0    0     0    0    51        0         0          0       37    5     76   21
      128      0     0    0     0    1       0    0     0    0    52        0         0          0       46   57     67   53
      129      0     0    0     0    1       0    0     0    0    53        0         0          0       40   51     96   46
      130      0     0    0     1    1       0    0     0   19    54        0         0          0       34   55     92    9
      131      0     0    0     0    1       0    0     0    0    55        0         0          0       32   20     85    0
      132      0     0    0     0    0       0    0     0    0     0        0         0          0        0    0      0    0
      133      0     0    0     1    1       0    0     0   20    56        0         0          0       36   14    115    2
      134      0     0    0     0    1       0    0     0    0    57        0         0          0       34   40     99   16
      135      0     0    0     0    1       0    0     0    0    58        0         0          0       32   51     96   52
      136      0     0    0     1    1       0    0     0   21    59        0         0          0       27   51     82   31
      137      0     0    0     1    1       0    0     0   22    60        0         0          0       39   18     94   43
      138      0     0    0     0    1       0    0     0    0    61        0         0          0       40   12     76   46
      139      0     0    0     0    1       0    0     0    0    62        0         0          0       32   20     88   45
      140      0     0    0     1    1       0    0     0   23    63        0         0          0       33   55     84   31
      141      0     0    0     0    1       0    0     0    0    64        0         0          0       32   18     86   24
      142      0     0    0     0    1       0    0     0    0    65        0         0          0       25   48     80   17
      143      0     0    0     1    1       0    0     0   24    66        0         0          0       42   57     87   54
      144      0     0    0     0    1       0    0     0    0    67        0         0          0       33   55     80   48
      145      0     0    0     1    1       0    0     0   25    68        0         0          0       44   53     93   13
      146      0     0    0     1    1       0    0     0   26    69        0         0          0       42   36     82   50
      147      0     0    0     0    1       0    0     0    0    70        0         0          0       39   20     76   25
      148      0     0    0     0    1       0    0     0    0    71        0         0          0       43    3    115   52
      149      0     0    0     0    1       0    0     0    0    72        0         0          0       33   41     78   56
      150      0     0    0     0    1       0    0     0    0    73        0         0          0       32   29     80   43
      151      0     0    0     1    1       0    0     0   27    74        0         0          0       29   50     90    1
      152      0     0    0     1    1       0    0     0   28    75        0         0          0       36   56     76   17
      153      0     0    0     0    1       0    0     0    0    76        0         0          0       43   54     69   56
      154      0     0    0     0    1       0    0     0    0    77        0         0          0       34   54     76   53
      155      0     0    0     0    1       0    0     0    0    78        0         0          0       33   40    117   44
      156      0     0    0     0    1       0    0     0    0    79        0         0          0       37   43    122   13
      157      0     0    0     1    1       0    0     0   29    80        0         0          0       41    7     95   55
      158      0     0    0     0    1       0    0     0    0    81        0         0          0       41   59     87   54
      159      0     0    0     1    1       0    0     0   30    82        0         0          0       35   10     79    1
      160      0     0    0     0    1       0    0     0    0    83        0         0          0       43    5     70   49
      161      0     0    0     0    1       0    0     0    0    84        0         0          0       44    9    103    6
      162      0     0    0     1    1       0    0     0   31    85        0         0          0       37   30     77   19
      163      0     0    0     1    1       0    0     0   32    86        0         0          0       43   14     75   24
      164      0     0    0     0    1       0    0     0    0    87        0         0          0       39   30    119   46
      165      0     0    1     0    1       0    0     5    0    88        0         0        250       34    6    117   14
      166      0     0    0     1    1       0    0     0   33    89        0         0          0       38   11     85   44
      167      0     0    0     0    1       0    0     0    0    90        0         0          0       47   27    122   18
      168      0     0    0     0    1       0    0     0    0    91        0         0          0       37   37    122   23
      169      0     0    0     1    1       0    0     0   34    92        0         0          0       47   37    117   39
      170      0     0    1     1    1       0    0     6   35    93        0         0        250       29   23     98   35
      171      0     0    0     0    1       0    0     0    0    94        0         0          0       39   51     89   41
      172      0     0    0     1    1       0    0     0   36    95        0         0          0       33   58     80   28
      173      0     0    0     0    1       0    0     0    0    96        0         0          0       39   46     94   55
      174      0     0    0     0    1       0    0     0    0    97        0         0          0       38   45     90   22
      175      0     0    1     1    1       0    0     7   37    98        0         0        250       38   16    121   56
      176      0     0    0     0    1       0    0     0    0    99        0         0          0       32    1     81    9
      177      0     0    0     0    1       0    0     0    0   100        0         0          0       43    7     76    6
      178      0     0    0     0    1       0    0     0    0   101        0         0          0       38   43     93   33
      179      0     0    1     1    1       0    0     8   38   102        0         0        250       47    9    122   29
      180      0     0    0     1    1       0    0     0   39   103        0         0          0       35   25     97   23
      181      0     0    0     1    1       0    0     0   40   104        0         0          0       36   12     95   53
      182      0     0    0     1    1       0    0     0   41   105        0         0          0       35   49     84    0
      183      0     0    0     0    1       0    0     0    0   106        0         0          0       30   80     83   12
      184      0     0    0     0    1       0    0     0    0   107        0         0          0       34   35    117   23
      185      0     0    0     0    1       0    0     0    0   108        0         0          0       30   29     86   32
      186      0     0    0     0    1       0    0     0    0   109        0         0          0       32   38     83   36
      187      0     1    1     1    1       0    2     9   42   110        0         0        250       40    1     74   36
      188      0     0    0     0    0       0    0     0    0     0        0         0          0        0    0      0    0
      189      0     0    0     0    0       0    0     0    0     0        0         0          0        0    0      0    0
      190      1     0    0     0    0      10    0     0    0     0       50       200          0        0    0      0    0
      191      0     0    0     0    0       0    0     0    0     0        0         0          0        0    0      0    0
      192      1     0    0     0    0      11    0     0    0     0      250      1000          0        0    0      0    0
      193      1     0    0     0    0      12    0     0    0     0       50       200          0        0    0      0    0
      194      0     0    0     0    0       0    0     0    0     0        0         0          0        0    0      0    0
      195      0     0    0     0    0       0    0     0    0     0        0         0          0        0    0      0    0
      196      0     0    0     0    0       0    0     0    0     0        0         0          0        0    0      0    0
      197      0     0    0     0    0       0    0     0    0     0        0         0          0        0    0      0    0
      198      0     0    0     0    0       0    0     0    0     0        0         0          0        0    0      0    0
      199      0     0    0     0    0       0    0     0    0     0        0         0          0        0    0      0    0
      200      0     0    0     0    0       0    0     0    0     0        0         0          0        0    0      0    0
      201      0     0    0     0    0       0    0     0    0     0        0         0          0        0    0      0    0
      202      0     0    0     0    0       0    0     0    0     0        0         0          0        0    0      0    0
      203      0     0    0     0    0       0    0     0    0     0        0         0          0        0    0      0    0
      204      0     0    0     0    0       0    0     0    0     0        0         0          0        0    0      0    0
      205      0     0    0     0    0       0    0     0    0     0        0         0          0        0    0      0    0
      206      0     0    0     0    0       0    0     0    0     0        0         0          0        0    0      0    0
      207      0     0    0     0    0       0    0     0    0     0        0         0          0        0    0      0    0
      208      0     0    0     0    0       0    0     0    0     0        0         0          0        0    0      0    0
      209      0     0    0     0    0       0    0     0    0     0        0         0          0        0    0      0    0
      210      1     0    0     0    0      13    0     0    0     0      100       400          0        0    0      0    0
      211      0     0    0     0    0       0    0     0    0     0        0         0          0        0    0      0    0
      212      0     0    0     0    0       0    0     0    0     0        0         0          0        0    0      0    0
      213      0     0    0     0    0       0    0     0    0     0        0         0          0        0    0      0    0
      214      0     0    0     0    0       0    0     0    0     0        0         0          0        0    0      0    0
      215      0     0    0     0    0       0    0     0    0     0        0         0          0        0    0      0    0
      216      0     0    0     0    0       0    0     0    0     0        0         0          0        0    0      0    0
      217      0     0    0     0    0       0    0     0    0     0        0         0          0        0    0      0    0
      218      0     0    0     0    0       0    0     0    0     0        0         0          0        0    0      0    0
      219      0     0    0     0    0       0    0     0    0     0        0         0          0        0    0      0    0
      220      0     0    0     0    0       0    0     0    0     0        0         0          0        0    0      0    0
      221      0     0    0     0    0       0    0     0    0     0        0         0          0        0    0      0    0
      222      0     0    0     0    0       0    0     0    0     0        0         0          0        0    0      0    0
      223      0     0    0     0    0       0    0     0    0     0        0         0          0        0    0      0    0
      224      0     0    0     0    0       0    0     0    0     0        0         0          0        0    0      0    0
      225      0     0    0     0    0       0    0     0    0     0        0         0          0        0    0      0    0
      226      0     0    0     0    0       0    0     0    0     0        0         0          0        0    0      0    0
      227      0     0    0     0    0       0    0     0    0     0        0         0          0        0    0      0    0
      228      0     0    0     0    0       0    0     0    0     0        0         0          0        0    0      0    0
      229      0     0    0     0    0       0    0     0    0     0        0         0          0        0    0      0    0
      230      0     0    0     0    0       0    0     0    0     0        0         0          0        0    0      0    0
      231      0     0    0     0    0       0    0     0    0     0        0         0          0        0    0      0    0
      232      0     0    0     0    0       0    0     0    0     0        0         0          0        0    0      0    0
      233      0     0    0     0    0       0    0     0    0     0        0         0          0        0    0      0    0
      234      0     0    0     0    0       0    0     0    0     0        0         0          0        0    0      0    0
      235      0     0    0     0    0       0    0     0    0     0        0         0          0        0    0      0    0
      236      0     0    0     0    0       0    0     0    0     0        0         0          0        0    0      0    0
      237      0     0    0     0    0       0    0     0    0     0        0         0          0        0    0      0    0
      238      0     0    0     0    0       0    0     0    0     0        0         0          0        0    0      0    0
      239      0     0    0     0    0       0    0     0    0     0        0         0          0        0    0      0    0
      240      0     0    0     0    0       0    0     0    0     0        0         0          0        0    0      0    0
      241      0     0    0     0    0       0    0     0    0     0        0         0          0        0    0      0    0
      242      0     0    0     1    0       0    0     0   43     0        0         0          0       33   22     81   58
      243      0     0    0     1    0       0    0     0   44     0        0         0          0       42   45     73   48
      244      0     0    0     1    0       0    0     0   45     0        0         0          0       42   28     71   17
      245      0     0    0     1    0       0    0     0   46     0        0         0          0       30   38     88    4
      246      0     0    0     1    0       0    0     0   47     0        0         0          0       30   13     97   40
      247      0     0    1     1    0       0    0    10   48     0        0         0        250       38   33     89   51
      248      0     0    0     1    0       0    0     0   49     0        0         0          0       36    8     86   41
      249      0     0    0     1    0       0    0     0   50     0        0         0          0       41   25     81   51
      250      0     0    0     1    0       0    0     0   51     0        0         0          0       29   37     95   10
      251      0     0    0     1    0       0    0     0   52     0        0         0          0       42   58     83   45
      252      0     0    0     1    0       0    0     0   53     0        0         0          0       42   53     85   32
      253      0     0    0     1    0       0    0     0   54     0        0         0          0       43    6     78   57
      254      0     0    0     1    0       0    0     0   55     0        0         0          0       39   41     75   36
      255      0     0    0     1    0       0    0     0   56     0        0         0          0       32   19     90    5
      256      0     0    0     1    0       0    0     0   57     0        0         0          0       30   30     81   41
      257      0     0    0     1    0       0    0     0   58     0        0         0          0       38    2     84   36
      258      0     0    0     1    0       0    0     0   59     0        0         0          0       33   49    118    9
      259      0     0    0     1    0       0    0     0   60     0        0         0          0       33   33    112   22
      260      0     0    0     1    0       0    0     0   61     0        0         0          0       28   26     81   19
      261      0     0    0     1    0       0    0     0   62     0        0         0          0       42    5     87   49
      262      0     0    0     1    0       0    0     0   63     0        0         0          0       37   47    122   19
      263      0     0    0     1    0       0    0     0   64     0        0         0          0       32   52    117    9
      264      0     0    0     1    0       0    0     0   65     0        0         0          0       35   21     89   52
      265      0     0    0     0    0       0    0     0    0     0        0         0          0       34    7    119    7
      266      0     0    0     1    0       0    0     0   66     0        0         0          0       45   35    122   36
      267      0     0    0     1    0       0    0     0   67     0        0         0          0       40   30     80   14
      268      0     0    0     1    0       0    0     0   68     0        0         0          0       41   44     71   26
      269      0     0    0     1    0       0    0     0   69     0        0         0          0       33   53    117   16
      270      0     0    0     1    0       0    0     0   70     0        0         0          0       43    7     77   40
      271      0     0    0     1    0       0    0     0   71     0        0         0          0       41   30     74    6
      272      0     0    0     1    0       0    0     0   72     0        0         0          0       42   14     83   32
1

 I A P   T A B L E   D A T A

 MASTER
  BASE        CAPACITIES
 INDEX    STAGING  TRANSIENT

     5        50       200      
    17        50       200      
    26       500      2000      
    31        50       200      
    34       900      3600      
    38       350      1400      
    40       500      2000      
    46        50       200      
    66        50       200      
   190        50       200      
   192       250      1000      
   193        50       200      
   210       100       400      
0   A P O D   T A B L E   D A T A

 MASTER                ASSOCIATED
  BASE      ASF                  C-9
 INDEX   INDICATOR   ASF   DOS  BASE

   95         1        3    19     0
  187         1        9   110    42
0    A S F   T A B L E   D A T A

 MASTER              ASSOCIATED
  BASE    STAGING                 C-9
 INDES   CAPACITY   APOD   DOS   BASE

   78       250       0      2      2
   87       250       0     11      7
   95       250       1     19      0
  102       250       0     26      0
  165       250       0     88      0
  170       250       0     93     35
  175       250       0     98     37
  179       250       0    102     38
  187       250       2    110     42
  247       250       0      0     48
0    D O S   T A B L E   D A T A

 MASTER                ASSOCIATED
  BASE      ASF                   C-9
 INDEX   INDICATOR  APOD   ASF   BASE

   77         0        0     0     1
   78         1        0     1     2
   79         0        0     0     0
   80         0        0     0     0
   81         0        0     0     3
   82         0        0     0     0
   83         0        0     0     4
   84         0        0     0     0
   85         0        0     0     5
   86         0        0     0     6
   87         1        0     2     7
   88         0        0     0     8
   89         0        0     0     0
   90         0        0     0     0
   91         0        0     0     0
   92         0        0     0     0
   93         0        0     0     0
   94         0        0     0     0
   95         1        1     3     0
   96         0        0     0     0
   97         0        0     0     0
   98         0        0     0     0
   99         0        0     0     0
  100         0        0     0     0
  101         0        0     0     9
  102         1        0     4     0
  103         0        0     0    10
  104         0        0     0     0
  105         0        0     0     0
  106         0        0     0     0
  107         0        0     0    11
  108         0        0     0    12
  109         0        0     0     0
  110         0        0     0     0
  111         0        0     0     0
  112         0        0     0    13
  113         0        0     0     0
  114         0        0     0     0
  115         0        0     0     0
  116         0        0     0    14
  117         0        0     0     0
  118         0        0     0     0
  119         0        0     0    15
  120         0        0     0     0
  121         0        0     0    16
  122         0        0     0     0
  123         0        0     0    17
  124         0        0     0    18
  125         0        0     0     0
  126         0        0     0     0
  127         0        0     0     0
  128         0        0     0     0
  129         0        0     0     0
  130         0        0     0    19
  131         0        0     0     0
  133         0        0     0    20
  134         0        0     0     0
  135         0        0     0     0
  136         0        0     0    21
  137         0        0     0    22
  138         0        0     0     0
  139         0        0     0     0
  140         0        0     0    23
  141         0        0     0     0
  142         0        0     0     0
  143         0        0     0    24
  144         0        0     0     0
  145         0        0     0    25
  146         0        0     0    26
  147         0        0     0     0
  148         0        0     0     0
  149         0        0     0     0
  150         0        0     0     0
  151         0        0     0    27
  152         0        0     0    28
  153         0        0     0     0
  154         0        0     0     0
  155         0        0     0     0
  156         0        0     0     0
  157         0        0     0    29
  158         0        0     0     0
  159         0        0     0    30
  160         0        0     0     0
  161         0        0     0     0
  162         0        0     0    31
  163         0        0     0    32
  164         0        0     0     0
  165         1        0     5     0
  166         0        0     0    33
  167         0        0     0     0
  168         0        0     0     0
  169         0        0     0    34
  170         1        0     6    35
  171         0        0     0     0
  172         0        0     0    36
  173         0        0     0     0
  174         0        0     0     0
  175         1        0     7    37
  176         0        0     0     0
  177         0        0     0     0
  178         0        0     0     0
  179         1        0     8    38
  180         0        0     0    39
  181         0        0     0    40
  182         0        0     0    41
  183         0        0     0     0
  184         0        0     0     0
  185         0        0     0     0
  186         0        0     0     0
  187         1        2     9    42
0    C - 9   T A B L E   D A T A

 MASTER                ASSOCIATED
  BASE      ASF
 INDEX   INDICATOR   APOD  ASF   DOS

   77         1        0     0     1
   78         1        0     1     2
   81         1        0     0     5
   83         1        0     0     7
   85         1        0     0     9
   86         1        0     0    10
   87         1        0     2    11
   88         1        0     0    12
  101         1        0     0    25
  103         1        0     0    27
  107         1        0     0    31
  108         1        0     0    32
  112         1        0     0    36
  116         1        0     0    40
  119         1        0     0    43
  121         1        0     0    45
  123         1        0     0    47
  124         1        0     0    48
  130         1        0     0    54
  133         1        0     0    56
  136         1        0     0    59
  137         1        0     0    60
  140         1        0     0    63
  143         1        0     0    66
  145         1        0     0    68
  146         1        0     0    69
  151         1        0     0    74
  152         1        0     0    75
  157         1        0     0    80
  159         1        0     0    82
  162         1        0     0    85
  163         1        0     0    86
  166         1        0     0    89
  169         1        0     0    92
  170         1        0     6    93
  172         1        0     0    95
  175         1        0     7    98
  179         1        0     8   102
  180         1        0     0   103
  181         1        0     0   104
  182         1        0     0   105
  187         1        2     9   110
  242         1        0     0     0
  243         1        0     0     0
  244         1        0     0     0
  245         1        0     0     0
  246         1        0     0     0
  247         1        0    10     0
  248         1        0     0     0
  249         1        0     0     0
  250         1        0     0     0
  251         1        0     0     0
  252         1        0     0     0
  253         1        0     0     0
  254         1        0     0     0
  255         1        0     0     0
  256         1        0     0     0
  257         1        0     0     0
  258         1        0     0     0
  259         1        0     0     0
  260         1        0     0     0
  261         1        0     0     0
  262         1        0     0     0
  263         1        0     0     0
  264         1        0     0     0
  266         1        0     0     0
  267         1        0     0     0
  268         1        0     0     0
  269         1        0     0     0
  270         1        0     0     0
  271         1        0     0     0
  272         1        0     0     0
1

                                  A I R C R A F T   T A B L E   D A T A

                TRUE   APPROACH
     AIRCRAFT   AIR    LANDING    TAXI    MAX     GROUND TIMES (MINUTES)       PATIENT CAPACITY
       TYPE    SPEED     TIME     TIME   RANGE     APOD   DOS  C-9 STOPS   LITTER  AMBULATORY  TOTAL

      C141B     440       15       10     4370      135   135     -1         32        68        -1
      C9        450       15       10      500       -1    30     30         44        40        44
1ARC
 ABBR   FROM    TO    COST     CAPACITY              ARC NAME

  PF     16      2        .0    -1.00     DLY--IAPIAP                         2      4    3     15    2      0    0      0    0
  SC      0      2    1440.0    -1.00     STAGECAPIAP                         2      4    3     15    2      0    0      0    0
  ET      2      3        .0    -1.00     TRANSCAPIAP                         2      4    3     15    2      0    0      0    0
  EP      3      5      -1.0    -1.00     IAP--PODIAP    POD                  3      4    3     11    3     15    2      0    0
  AD      5      6     120.0    -1.00     POD--ASFPOD    ASF                  3      4    3     11    3     15    2      0    0
  AC      1     16        .0    -1.00     SRC--DLY                            1     15    2      0    0      0    0      0    0
  XX     17     13        .0    -1.00     DLY--SNK                            1     15    2      0    0      0    0      0    0
  RH      5      8      60.0    -1.00     POD--C-9POD                         2      4    3     15    2      0    0      0    0
  C9      6      7      60.0    -1.00     PSF--C9APOD    ASF                  3      4    3     11    3     15    2      0    0
  XX      8     12        .0    -1.00     C9P--HOSPOD    HOS                  3      4    3     11    3     15    2      0    0
  XX      6      4      60.0    -1.00     ASF--C-9ASF                         2      4    3     15    2      0    0      0    0
  RD      0      5      -1.0    -1.00     ASF--PODASF    POD                  3      4    3     11    3     15    2      0    0
  DD      5     10      -1.0    -1.00     POD--DOSPOD    DOS                  3      4    3     11    3     15    2      0    0
  AA     10     11      60.0    -1.00     DOS--ASFDOS    ASF                  3      4    3     11    3     15    2      0    0
  DI      0     10    1440.0    -1.00     DOSASFCPASF    DOS                  3      4    3     11    3     15    2      0    0
  AH      0     12        .0    -1.00     ASF--HOSASF    HOS                  3      4    3     11    3     15    2      0    0
  XX      7     12      60.0    -1.00     C9A--HOSASF    HOS                  3      4    3     11    3     15    2      0    0
  XX     10      4      60.0    -1.00     DOS--C-9DOS                         2      4    3     15    2      0    0      0    0
  CH     10      9      60.0    -1.00     DOS--C9DDOS                         2      4    3     15    2      0    0      0    0
  XX      9     12        .0    -1.00     C9D--HOSDOS    HOS                  3      4    3     11    3     15    2      0    0
  HC      0     12        .0    -1.00     HOSP CAP       HOS                  2     11    3     15    2      0    0      0    0
  DS     12     17        .0    -1.00     DISCHARG       HOS                  2     11    3     15    2      0    0      0    0
  SI      1     14   99999.0    -1.00     SRC--INP                            0      0    0      0    0      0    0      0    0
  II      0     14   66666.0    -1.00     IAP--INPIAP                         1      4    3      0    0      0    0      0    0
  HI      0     14        .0    -1.00     HOS--INP       HOS                  1     11    3      0    0      0    0      0    0
  AI      0     14   33333.0    -1.00     ASF--INPASF                         1      4    3      0    0      0    0      0    0
  IS     14     13   10000.0    -1.00     INP--SNK                            0      0    0      0    0      0    0      0    0
  XX      4     15        .0    -1.00     COL--DIS                            1     15    2      0    0      0    0      0    0
  XX     11      7        .0    -1.00     DSF--C9ADOS    ASF                  3      4    3     11    3     15    2      0    0
0MCC CARD TEXTS

 STAGING CAPACITY    IAP        
 SUPPLY FLOW    CATEGORY        
 TRANSIENT CAPACITY  IAP        
 C-141 LIT CAPACITY  IAP    POD 
 C-141 AMB CAPACITY  IAP    POD 
 ASF CAPACITY        ASF        
 HOSPITAL CAPACITY  HOSP        
 MAX DISCHARGES CATEGORY        
 C-9 DAILY CAPACITY  ASF        
 C-9 DAILY CAPACITY  DOS        
 C-141 LIT CAPACITY  POD    DOS 
 C-141 AMB CAPACITY  POD    DOS 
0NODE CARD TEXTS

 SUPR SRC   1 SUPR SRC                           0      0    0      0    0      0    0
 IAP ADMT   2 APA                                2      4    3     16    2      0    0
 IAP RLES   3 APR                                2      4    3     16    2      0    0
 C-9 CLCT   4 C-9 CLCT                           1     16    2      0    0      0    0
 APOD       5 POD                                2      4    3     16    2      0    0
 APOD ASF   6 ASF     POD                        3      4    3     12    3     16    2
 C-9 ASF    7 C9A                                2      4    3     16    2      0    0
 C-9 APOD   8 C9P                      